  12522 35
  11206 36
   9546 37
   8206 38
   6436 39
   6358 40
   5769 41
   5458 42
   5218 43
   5337 44
   5493 45
   5622 46
   5760 47
   6037 48
   6398 49
   6513 50
   6758 51
   7289 52
   7463 53
   7688 54
   8057 55
   8669 56
   8942 57
   9533 58
  10371 59
  10766 60
  11441 61
  12039 62
  12191 63
  12652 64
  12997 65
  13076 66
  13949 67
  13968 68
  14636 69
  15147 70
  15447 71
  15965 72
  16361 73
  16496 74
  16997 75
  16975 76
  18014 77
  17578 78
  18023 79
  18089 80
  18617 81
  18964 82
  19419 83
  19819 84
  20169 85
  20667 86
  20606 87
  21354 88
  21672 89
  21953 90
  22985 91
  22414 92
  22687 93
  23926 94
  25434 95
  34569 96
  67159 97
 223639 98
  52681 99
 410017 100
7044934 101
