    937 35
   1042 36
   1021 37
   1038 38
   1099 39
   1137 40
   1273 41
   1265 42
   1307 43
   1331 44
   1265 45
   1395 46
   1457 47
   1571 48
   1677 49
   1850 50
   1910 51
   1934 52
   2034 53
   2081 54
   2239 55
   2393 56
   2469 57
   2794 58
   2970 59
   3144 60
   3394 61
   3717 62
   3838 63
   4040 64
   4303 65
   4684 66
   5025 67
   5308 68
   5706 69
   6143 70
   6573 71
   7299 72
   7595 73
   8052 74
   8458 75
   8840 76
   9287 77
   9684 78
  10614 79
  10862 80
  11128 81
  11483 82
  11968 83
  12787 84
  13410 85
  13786 86
  14170 87
  15019 88
  15329 89
  15988 90
  17187 91
  17246 92
  17458 93
  17978 94
  19442 95
  27383 96
  53452 97
 175379 98
  26223 99
 231667 100
8063842 101
