   8291 35
   7741 36
   7174 37
   6672 38
   5537 39
   5468 40
   5035 41
   4882 42
   4530 43
   4611 44
   4546 45
   4646 46
   4719 47
   4707 48
   4718 49
   4893 50
   4917 51
   4950 52
   5241 53
   5156 54
   5342 55
   5644 56
   5789 57
   6280 58
   6499 59
   6754 60
   6967 61
   7347 62
   7504 63
   7716 64
   7732 65
   8116 66
   8683 67
   8607 68
   9084 69
   9456 70
   9951 71
  10583 72
  10441 73
  10696 74
  11167 75
  11486 76
  12169 77
  12016 78
  12861 79
  12932 80
  13135 81
  13635 82
  14173 83
  14947 84
  15435 85
  15829 86
  16266 87
  17021 88
  17450 89
  18086 90
  19208 91
  19094 92
  19337 93
  20069 94
  22270 95
  32525 96
  67662 97
 227453 98
  56433 99
 444599 100
7555497 101
